X Displacements: 
0
1.48178e-06
2.96356e-06
2.96356e-06
0.00560882
0.0038595
3.74389e-06
0.00766696
0
Y Displacements: 
0
-0.00668429
-0.0122818
-0.0226965
-0.0122806
-0.01228
-0.0122786
-0.0198949
0
Angle Displacements:
-0.0197343
-0.0178254
-0.0142368
-0.015092
0.000293864
0.00921845
0.0121594
0.0114694
0.0202316
1 elements local stiffness matrix:
    3.84e+08            0            0    -3.84e+08            0            0
           0  5.61247e+06       982183            0 -5.61247e+06       982183
           0       982183       229176            0      -982183       114588
   -3.84e+08            0            0     3.84e+08            0            0
           0 -5.61247e+06      -982183            0  5.61247e+06      -982183
           0       982183       114588            0      -982183       229176
2 elements local stiffness matrix:
    3.84e+08            0            0    -3.84e+08            0            0
           0  5.61247e+06       982183            0 -5.61247e+06       982183
           0       982183       229176            0      -982183       114588
   -3.84e+08            0            0     3.84e+08            0            0
           0 -5.61247e+06      -982183            0  5.61247e+06      -982183
           0       982183       114588            0      -982183       229176
3 elements local stiffness matrix:
 1.92e+08         0         0 -1.92e+08         0         0
        0    701559    245546         0   -701559    245546
        0    245546    114588         0   -245546     57294
-1.92e+08         0         0  1.92e+08         0         0
        0   -701559   -245546         0    701559   -245546
        0    245546     57294         0   -245546    114588
4 elements local stiffness matrix:
 2.4e+08        0        0 -2.4e+08        0        0
       0   783918   274371        0  -783918   274371
       0   274371   128040        0  -274371    64020
-2.4e+08        0        0  2.4e+08        0        0
       0  -783918  -274371        0   783918  -274371
       0   274371    64020        0  -274371   128040
5 elements local stiffness matrix:
     4.8e+08            0            0     -4.8e+08            0            0
           0  6.27135e+06  1.09749e+06            0 -6.27135e+06  1.09749e+06
           0  1.09749e+06       256080            0 -1.09749e+06       128040
    -4.8e+08            0            0      4.8e+08            0            0
           0 -6.27135e+06 -1.09749e+06            0  6.27135e+06 -1.09749e+06
           0  1.09749e+06       128040            0 -1.09749e+06       256080
6 elements local stiffness matrix:
     4.8e+08            0            0     -4.8e+08            0            0
           0  6.27135e+06  1.09749e+06            0 -6.27135e+06  1.09749e+06
           0  1.09749e+06       256080            0 -1.09749e+06       128040
    -4.8e+08            0            0      4.8e+08            0            0
           0 -6.27135e+06 -1.09749e+06            0  6.27135e+06 -1.09749e+06
           0  1.09749e+06       128040            0 -1.09749e+06       256080
7 elements local stiffness matrix:
 1.7173e+08           0           0 -1.7173e+08           0           0
          0      501995      196437           0     -501995      196437
          0      196437      102491           0     -196437     51245.3
-1.7173e+08           0           0  1.7173e+08           0           0
          0     -501995     -196437           0      501995     -196437
          0      196437     51245.3           0     -196437      102491
8 elements local stiffness matrix:
 1.92e+08         0         0 -1.92e+08         0         0
        0    701559    245546         0   -701559    245546
        0    245546    114588         0   -245546     57294
-1.92e+08         0         0  1.92e+08         0         0
        0   -701559   -245546         0    701559   -245546
        0    245546     57294         0   -245546    114588
1 elements rotate matrix:
 1  0  0  0  0  0
-0  1  0  0  0  0
 0  0  1  0  0  0
 0  0  0  1  0  0
 0  0  0 -0  1  0
 0  0  0  0  0  1
2 elements rotate matrix:
 1  0  0  0  0  0
-0  1  0  0  0  0
 0  0  1  0  0  0
 0  0  0  1  0  0
 0  0  0 -0  1  0
 0  0  0  0  0  1
3 elements rotate matrix:
 1  0  0  0  0  0
-0  1  0  0  0  0
 0  0  1  0  0  0
 0  0  0  1  0  0
 0  0  0 -0  1  0
 0  0  0  0  0  1
4 elements rotate matrix:
 0  1  0  0  0  0
-1  0  0  0  0  0
 0  0  1  0  0  0
 0  0  0  0  1  0
 0  0  0 -1  0  0
 0  0  0  0  0  1
5 elements rotate matrix:
 0  1  0  0  0  0
-1  0  0  0  0  0
 0  0  1  0  0  0
 0  0  0  0  1  0
 0  0  0 -1  0  0
 0  0  0  0  0  1
6 elements rotate matrix:
 0  1  0  0  0  0
-1  0  0  0  0  0
 0  0  1  0  0  0
 0  0  0  0  1  0
 0  0  0 -1  0  0
 0  0  0  0  0  1
7 elements rotate matrix:
-0.894427 -0.447214         0         0         0         0
 0.447214 -0.894427         0         0         0         0
        0         0         1         0         0         0
        0         0         0 -0.894427 -0.447214         0
        0         0         0  0.447214 -0.894427         0
        0         0         0         0         0         1
8 elements rotate matrix:
 1  0  0  0  0  0
-0  1  0  0  0  0
 0  0  1  0  0  0
 0  0  0  1  0  0
 0  0  0 -0  1  0
 0  0  0  0  0  1
1 elements global stiffness matrix:
    3.84e+08            0           -0    -3.84e+08            0           -0
           0  5.61247e+06       982183            0 -5.61247e+06       982183
          -0       982183       229176            0      -982183       114588
   -3.84e+08            0            0     3.84e+08            0            0
           0 -5.61247e+06      -982183            0  5.61247e+06      -982183
          -0       982183       114588            0      -982183       229176
2 elements global stiffness matrix:
    3.84e+08            0           -0    -3.84e+08            0           -0
           0  5.61247e+06       982183            0 -5.61247e+06       982183
          -0       982183       229176            0      -982183       114588
   -3.84e+08            0            0     3.84e+08            0            0
           0 -5.61247e+06      -982183            0  5.61247e+06      -982183
          -0       982183       114588            0      -982183       229176
3 elements global stiffness matrix:
 1.92e+08         0        -0 -1.92e+08         0        -0
        0    701559    245546         0   -701559    245546
       -0    245546    114588         0   -245546     57294
-1.92e+08         0         0  1.92e+08         0         0
        0   -701559   -245546         0    701559   -245546
       -0    245546     57294         0   -245546    114588
4 elements global stiffness matrix:
  783918        0  -274371  -783918        0  -274371
       0  2.4e+08        0        0 -2.4e+08        0
 -274371        0   128040   274371       -0    64020
 -783918        0   274371   783918        0   274371
       0 -2.4e+08       -0        0  2.4e+08       -0
 -274371        0    64020   274371       -0   128040
5 elements global stiffness matrix:
 6.27135e+06            0 -1.09749e+06 -6.27135e+06            0 -1.09749e+06
           0      4.8e+08            0            0     -4.8e+08            0
-1.09749e+06            0       256080  1.09749e+06           -0       128040
-6.27135e+06            0  1.09749e+06  6.27135e+06            0  1.09749e+06
           0     -4.8e+08           -0            0      4.8e+08           -0
-1.09749e+06            0       128040  1.09749e+06           -0       256080
6 elements global stiffness matrix:
 6.27135e+06            0 -1.09749e+06 -6.27135e+06            0 -1.09749e+06
           0      4.8e+08            0            0     -4.8e+08            0
-1.09749e+06            0       256080  1.09749e+06           -0       128040
-6.27135e+06            0  1.09749e+06  6.27135e+06            0  1.09749e+06
           0     -4.8e+08           -0            0      4.8e+08           -0
-1.09749e+06            0       128040  1.09749e+06           -0       256080
7 elements global stiffness matrix:
 1.37484e+08  6.84912e+07      87849.1 -1.37484e+08 -6.84912e+07      87849.1
 6.84912e+07  3.47476e+07      -175698 -6.84912e+07 -3.47476e+07      -175698
     87849.1      -175698       102491     -87849.1       175698      51245.3
-1.37484e+08 -6.84912e+07     -87849.1  1.37484e+08  6.84912e+07     -87849.1
-6.84912e+07 -3.47476e+07       175698  6.84912e+07  3.47476e+07       175698
     87849.1      -175698      51245.3     -87849.1       175698       102491
8 elements global stiffness matrix:
 1.92e+08         0        -0 -1.92e+08         0        -0
        0    701559    245546         0   -701559    245546
       -0    245546    114588         0   -245546     57294
-1.92e+08         0         0  1.92e+08         0         0
        0   -701559   -245546         0    701559   -245546
       -0    245546     57294         0   -245546    114588
Correspondence matrix: 1 0 0 0 0 0 0 0 0 0 0 0 0 0 0 0 0 0 0 0 0 0 0 0 0 0 0
0 1 0 0 0 0 0 0 0 0 0 0 0 0 0 0 0 0 0 0 0 0 0 0 0 0 0
0 0 1 0 0 0 0 0 0 0 0 0 0 0 0 0 0 0 0 0 0 0 0 0 0 0 0
0 0 0 1 0 0 0 0 0 0 0 0 0 0 0 0 0 0 0 0 0 0 0 0 0 0 0
0 0 0 0 1 0 0 0 0 0 0 0 0 0 0 0 0 0 0 0 0 0 0 0 0 0 0
0 0 0 0 0 1 0 0 0 0 0 0 0 0 0 0 0 0 0 0 0 0 0 0 0 0 0
0 0 0 1 0 0 0 0 0 0 0 0 0 0 0 0 0 0 0 0 0 0 0 0 0 0 0
0 0 0 0 1 0 0 0 0 0 0 0 0 0 0 0 0 0 0 0 0 0 0 0 0 0 0
0 0 0 0 0 1 0 0 0 0 0 0 0 0 0 0 0 0 0 0 0 0 0 0 0 0 0
0 0 0 0 0 0 1 0 0 0 0 0 0 0 0 0 0 0 0 0 0 0 0 0 0 0 0
0 0 0 0 0 0 0 1 0 0 0 0 0 0 0 0 0 0 0 0 0 0 0 0 0 0 0
0 0 0 0 0 0 0 0 1 0 0 0 0 0 0 0 0 0 0 0 0 0 0 0 0 0 0
0 0 0 0 0 0 1 0 0 0 0 0 0 0 0 0 0 0 0 0 0 0 0 0 0 0 0
0 0 0 0 0 0 0 1 0 0 0 0 0 0 0 0 0 0 0 0 0 0 0 0 0 0 0
0 0 0 0 0 0 0 0 1 0 0 0 0 0 0 0 0 0 0 0 0 0 0 0 0 0 0
0 0 0 0 0 0 0 0 0 1 0 0 0 0 0 0 0 0 0 0 0 0 0 0 0 0 0
0 0 0 0 0 0 0 0 0 0 1 0 0 0 0 0 0 0 0 0 0 0 0 0 0 0 0
0 0 0 0 0 0 0 0 0 0 0 1 0 0 0 0 0 0 0 0 0 0 0 0 0 0 0
0 0 0 0 0 0 1 0 0 0 0 0 0 0 0 0 0 0 0 0 0 0 0 0 0 0 0
0 0 0 0 0 0 0 1 0 0 0 0 0 0 0 0 0 0 0 0 0 0 0 0 0 0 0
0 0 0 0 0 0 0 0 1 0 0 0 0 0 0 0 0 0 0 0 0 0 0 0 0 0 0
0 0 0 0 0 0 0 0 0 0 0 0 1 0 0 0 0 0 0 0 0 0 0 0 0 0 0
0 0 0 0 0 0 0 0 0 0 0 0 0 1 0 0 0 0 0 0 0 0 0 0 0 0 0
0 0 0 0 0 0 0 0 0 0 0 0 0 0 1 0 0 0 0 0 0 0 0 0 0 0 0
0 0 0 0 0 0 0 0 0 0 0 0 1 0 0 0 0 0 0 0 0 0 0 0 0 0 0
0 0 0 0 0 0 0 0 0 0 0 0 0 1 0 0 0 0 0 0 0 0 0 0 0 0 0
0 0 0 0 0 0 0 0 0 0 0 0 0 0 1 0 0 0 0 0 0 0 0 0 0 0 0
0 0 0 0 0 0 0 0 0 0 0 0 0 0 0 1 0 0 0 0 0 0 0 0 0 0 0
0 0 0 0 0 0 0 0 0 0 0 0 0 0 0 0 1 0 0 0 0 0 0 0 0 0 0
0 0 0 0 0 0 0 0 0 0 0 0 0 0 0 0 0 1 0 0 0 0 0 0 0 0 0
0 0 0 0 0 0 0 0 0 0 0 0 0 0 0 1 0 0 0 0 0 0 0 0 0 0 0
0 0 0 0 0 0 0 0 0 0 0 0 0 0 0 0 1 0 0 0 0 0 0 0 0 0 0
0 0 0 0 0 0 0 0 0 0 0 0 0 0 0 0 0 1 0 0 0 0 0 0 0 0 0
0 0 0 0 0 0 0 0 0 0 0 0 0 0 0 0 0 0 1 0 0 0 0 0 0 0 0
0 0 0 0 0 0 0 0 0 0 0 0 0 0 0 0 0 0 0 1 0 0 0 0 0 0 0
0 0 0 0 0 0 0 0 0 0 0 0 0 0 0 0 0 0 0 0 1 0 0 0 0 0 0
0 0 0 0 0 0 0 0 0 0 0 0 0 0 0 1 0 0 0 0 0 0 0 0 0 0 0
0 0 0 0 0 0 0 0 0 0 0 0 0 0 0 0 1 0 0 0 0 0 0 0 0 0 0
0 0 0 0 0 0 0 0 0 0 0 0 0 0 0 0 0 1 0 0 0 0 0 0 0 0 0
0 0 0 0 0 0 0 0 0 0 0 0 0 0 0 0 0 0 0 0 0 1 0 0 0 0 0
0 0 0 0 0 0 0 0 0 0 0 0 0 0 0 0 0 0 0 0 0 0 1 0 0 0 0
0 0 0 0 0 0 0 0 0 0 0 0 0 0 0 0 0 0 0 0 0 0 0 1 0 0 0
0 0 0 0 0 0 0 0 0 0 0 0 0 0 0 0 0 0 1 0 0 0 0 0 0 0 0
0 0 0 0 0 0 0 0 0 0 0 0 0 0 0 0 0 0 0 1 0 0 0 0 0 0 0
0 0 0 0 0 0 0 0 0 0 0 0 0 0 0 0 0 0 0 0 1 0 0 0 0 0 0
0 0 0 0 0 0 0 0 0 0 0 0 0 0 0 0 0 0 0 0 0 0 0 0 1 0 0
0 0 0 0 0 0 0 0 0 0 0 0 0 0 0 0 0 0 0 0 0 0 0 0 0 1 0
0 0 0 0 0 0 0 0 0 0 0 0 0 0 0 0 0 0 0 0 0 0 0 0 0 0 1
0 0 0 0 0 0 0 0 0 0 0 0 0 0 0 0 0 0 0 0 0 0 0 0 0 0 0
0 0 0 0 0 0 0 0 0 0 0 0 0 0 0 0 0 0 0 0 0 0 0 0 0 0 0
0 0 0 0 0 0 0 0 0 0 0 0 0 0 0 0 0 0 0 0 0 0 0 0 0 0 0
0 0 0 0 0 0 0 0 0 0 0 0 0 0 0 0 0 0 0 0 0 0 0 0 0 0 0
0 0 0 0 0 0 0 0 0 0 0 0 0 0 0 0 0 0 0 0 0 0 0 0 0 0 0
0 0 0 0 0 0 0 0 0 0 0 0 0 0 0 0 0 0 0 0 0 0 0 0 0 0 0
0 0 0 0 0 0 0 0 0 0 0 0 0 0 0 0 0 0 0 0 0 0 0 0 0 0 0
0 0 0 0 0 0 0 0 0 0 0 0 0 0 0 0 0 0 0 0 0 0 0 0 0 0 0
0 0 0 0 0 0 0 0 0 0 0 0 0 0 0 0 0 0 0 0 0 0 0 0 0 0 0
0 0 0 0 0 0 0 0 0 0 0 0 0 0 0 0 0 0 0 0 0 0 0 0 0 0 0
0 0 0 0 0 0 0 0 0 0 0 0 0 0 0 0 0 0 0 0 0 0 0 0 0 0 0
0 0 0 0 0 0 0 0 0 0 0 0 0 0 0 0 0 0 0 0 0 0 0 0 0 0 0
0 0 0 0 0 0 0 0 0 0 0 0 0 0 0 0 0 0 0 0 0 0 0 0 0 0 0
0 0 0 0 0 0 0 0 0 0 0 0 0 0 0 0 0 0 0 0 0 0 0 0 0 0 0
0 0 0 0 0 0 0 0 0 0 0 0 0 0 0 0 0 0 0 0 0 0 0 0 0 0 0
0 0 0 0 0 0 0 0 0 0 0 0 0 0 0 0 0 0 0 0 0 0 0 0 0 0 0
0 0 0 0 0 0 0 0 0 0 0 0 0 0 0 0 0 0 0 0 0 0 0 0 0 0 0
0 0 0 0 0 0 0 0 0 0 0 0 0 0 0 0 0 0 0 0 0 0 0 0 0 0 0
0 0 0 0 0 0 0 0 0 0 0 0 0 0 0 0 0 0 0 0 0 0 0 0 0 0 0
0 0 0 0 0 0 0 0 0 0 0 0 0 0 0 0 0 0 0 0 0 0 0 0 0 0 0
0 0 0 0 0 0 0 0 0 0 0 0 0 0 0 0 0 0 0 0 0 0 0 0 0 0 0
0 0 0 0 0 0 0 0 0 0 0 0 0 0 0 0 0 0 0 0 0 0 0 0 0 0 0
0 0 0 0 0 0 0 0 0 0 0 0 0 0 0 0 0 0 0 0 0 0 0 0 0 0 0
0 0 0 0 0 0 0 0 0 0 0 0 0 0 0 0 0 0 0 0 0 0 0 0 0 0 0
Quasi diagonal stiffness matrix: 
    3.84e+08            0           -0    -3.84e+08            0           -0            0            0            0            0            0            0            0            0            0            0            0            0            0            0            0            0            0            0            0            0            0            0            0            0            0            0            0            0            0            0            0            0            0            0            0            0            0            0            0            0            0            0            0            0            0            0            0            0            0            0            0            0            0            0            0            0            0            0            0            0            0            0            0            0            0            0
           0  5.61247e+06       982183            0 -5.61247e+06       982183            0            0            0            0            0            0            0            0            0            0            0            0            0            0            0            0            0            0            0            0            0            0            0            0            0            0            0            0            0            0            0            0            0            0            0            0            0            0            0            0            0            0            0            0            0            0            0            0            0            0            0            0            0            0            0            0            0            0            0            0            0            0            0            0            0            0
          -0       982183       229176            0      -982183       114588            0            0            0            0            0            0            0            0            0            0            0            0            0            0            0            0            0            0            0            0            0            0            0            0            0            0            0            0            0            0            0            0            0            0            0            0            0            0            0            0            0            0            0            0            0            0            0            0            0            0            0            0            0            0            0            0            0            0            0            0            0            0            0            0            0            0
   -3.84e+08            0            0     3.84e+08            0            0            0            0            0            0            0            0            0            0            0            0            0            0            0            0            0            0            0            0            0            0            0            0            0            0            0            0            0            0            0            0            0            0            0            0            0            0            0            0            0            0            0            0            0            0            0            0            0            0            0            0            0            0            0            0            0            0            0            0            0            0            0            0            0            0            0            0
           0 -5.61247e+06      -982183            0  5.61247e+06      -982183            0            0            0            0            0            0            0            0            0            0            0            0            0            0            0            0            0            0            0            0            0            0            0            0            0            0            0            0            0            0            0            0            0            0            0            0            0            0            0            0            0            0            0            0            0            0            0            0            0            0            0            0            0            0            0            0            0            0            0            0            0            0            0            0            0            0
          -0       982183       114588            0      -982183       229176            0            0            0            0            0            0            0            0            0            0            0            0            0            0            0            0            0            0            0            0            0            0            0            0            0            0            0            0            0            0            0            0            0            0            0            0            0            0            0            0            0            0            0            0            0            0            0            0            0            0            0            0            0            0            0            0            0            0            0            0            0            0            0            0            0            0
           0            0            0            0            0            0     3.84e+08            0           -0    -3.84e+08            0           -0            0            0            0            0            0            0            0            0            0            0            0            0            0            0            0            0            0            0            0            0            0            0            0            0            0            0            0            0            0            0            0            0            0            0            0            0            0            0            0            0            0            0            0            0            0            0            0            0            0            0            0            0            0            0            0            0            0            0            0            0
           0            0            0            0            0            0            0  5.61247e+06       982183            0 -5.61247e+06       982183            0            0            0            0            0            0            0            0            0            0            0            0            0            0            0            0            0            0            0            0            0            0            0            0            0            0            0            0            0            0            0            0            0            0            0            0            0            0            0            0            0            0            0            0            0            0            0            0            0            0            0            0            0            0            0            0            0            0            0            0
           0            0            0            0            0            0           -0       982183       229176            0      -982183       114588            0            0            0            0            0            0            0            0            0            0            0            0            0            0            0            0            0            0            0            0            0            0            0            0            0            0            0            0            0            0            0            0            0            0            0            0            0            0            0            0            0            0            0            0            0            0            0            0            0            0            0            0            0            0            0            0            0            0            0            0
           0            0            0            0            0            0    -3.84e+08            0            0     3.84e+08            0            0            0            0            0            0            0            0            0            0            0            0            0            0            0            0            0            0            0            0            0            0            0            0            0            0            0            0            0            0            0            0            0            0            0            0            0            0            0            0            0            0            0            0            0            0            0            0            0            0            0            0            0            0            0            0            0            0            0            0            0            0
           0            0            0            0            0            0            0 -5.61247e+06      -982183            0  5.61247e+06      -982183            0            0            0            0            0            0            0            0            0            0            0            0            0            0            0            0            0            0            0            0            0            0            0            0            0            0            0            0            0            0            0            0            0            0            0            0            0            0            0            0            0            0            0            0            0            0            0            0            0            0            0            0            0            0            0            0            0            0            0            0
           0            0            0            0            0            0           -0       982183       114588            0      -982183       229176            0            0            0            0            0            0            0            0            0            0            0            0            0            0            0            0            0            0            0            0            0            0            0            0            0            0            0            0            0            0            0            0            0            0            0            0            0            0            0            0            0            0            0            0            0            0            0            0            0            0            0            0            0            0            0            0            0            0            0            0
           0            0            0            0            0            0            0            0            0            0            0            0     1.92e+08            0           -0    -1.92e+08            0           -0            0            0            0            0            0            0            0            0            0            0            0            0            0            0            0            0            0            0            0            0            0            0            0            0            0            0            0            0            0            0            0            0            0            0            0            0            0            0            0            0            0            0            0            0            0            0            0            0            0            0            0            0            0            0
           0            0            0            0            0            0            0            0            0            0            0            0            0       701559       245546            0      -701559       245546            0            0            0            0            0            0            0            0            0            0            0            0            0            0            0            0            0            0            0            0            0            0            0            0            0            0            0            0            0            0            0            0            0            0            0            0            0            0            0            0            0            0            0            0            0            0            0            0            0            0            0            0            0            0
           0            0            0            0            0            0            0            0            0            0            0            0           -0       245546       114588            0      -245546        57294            0            0            0            0            0            0            0            0            0            0            0            0            0            0            0            0            0            0            0            0            0            0            0            0            0            0            0            0            0            0            0            0            0            0            0            0            0            0            0            0            0            0            0            0            0            0            0            0            0            0            0            0            0            0
           0            0            0            0            0            0            0            0            0            0            0            0    -1.92e+08            0            0     1.92e+08            0            0            0            0            0            0            0            0            0            0            0            0            0            0            0            0            0            0            0            0            0            0            0            0            0            0            0            0            0            0            0            0            0            0            0            0            0            0            0            0            0            0            0            0            0            0            0            0            0            0            0            0            0            0            0            0
           0            0            0            0            0            0            0            0            0            0            0            0            0      -701559      -245546            0       701559      -245546            0            0            0            0            0            0            0            0            0            0            0            0            0            0            0            0            0            0            0            0            0            0            0            0            0            0            0            0            0            0            0            0            0            0            0            0            0            0            0            0            0            0            0            0            0            0            0            0            0            0            0            0            0            0
           0            0            0            0            0            0            0            0            0            0            0            0           -0       245546        57294            0      -245546       114588            0            0            0            0            0            0            0            0            0            0            0            0            0            0            0            0            0            0            0            0            0            0            0            0            0            0            0            0            0            0            0            0            0            0            0            0            0            0            0            0            0            0            0            0            0            0            0            0            0            0            0            0            0            0
           0            0            0            0            0            0            0            0            0            0            0            0            0            0            0            0            0            0       783918            0      -274371      -783918            0      -274371            0            0            0            0            0            0            0            0            0            0            0            0            0            0            0            0            0            0            0            0            0            0            0            0            0            0            0            0            0            0            0            0            0            0            0            0            0            0            0            0            0            0            0            0            0            0            0            0
           0            0            0            0            0            0            0            0            0            0            0            0            0            0            0            0            0            0            0      2.4e+08            0            0     -2.4e+08            0            0            0            0            0            0            0            0            0            0            0            0            0            0            0            0            0            0            0            0            0            0            0            0            0            0            0            0            0            0            0            0            0            0            0            0            0            0            0            0            0            0            0            0            0            0            0            0            0
           0            0            0            0            0            0            0            0            0            0            0            0            0            0            0            0            0            0      -274371            0       128040       274371           -0        64020            0            0            0            0            0            0            0            0            0            0            0            0            0            0            0            0            0            0            0            0            0            0            0            0            0            0            0            0            0            0            0            0            0            0            0            0            0            0            0            0            0            0            0            0            0            0            0            0
           0            0            0            0            0            0            0            0            0            0            0            0            0            0            0            0            0            0      -783918            0       274371       783918            0       274371            0            0            0            0            0            0            0            0            0            0            0            0            0            0            0            0            0            0            0            0            0            0            0            0            0            0            0            0            0            0            0            0            0            0            0            0            0            0            0            0            0            0            0            0            0            0            0            0
           0            0            0            0            0            0            0            0            0            0            0            0            0            0            0            0            0            0            0     -2.4e+08           -0            0      2.4e+08           -0            0            0            0            0            0            0            0            0            0            0            0            0            0            0            0            0            0            0            0            0            0            0            0            0            0            0            0            0            0            0            0            0            0            0            0            0            0            0            0            0            0            0            0            0            0            0            0            0
           0            0            0            0            0            0            0            0            0            0            0            0            0            0            0            0            0            0      -274371            0        64020       274371           -0       128040            0            0            0            0            0            0            0            0            0            0            0            0            0            0            0            0            0            0            0            0            0            0            0            0            0            0            0            0            0            0            0            0            0            0            0            0            0            0            0            0            0            0            0            0            0            0            0            0
           0            0            0            0            0            0            0            0            0            0            0            0            0            0            0            0            0            0            0            0            0            0            0            0  6.27135e+06            0 -1.09749e+06 -6.27135e+06            0 -1.09749e+06            0            0            0            0            0            0            0            0            0            0            0            0            0            0            0            0            0            0            0            0            0            0            0            0            0            0            0            0            0            0            0            0            0            0            0            0            0            0            0            0            0            0
           0            0            0            0            0            0            0            0            0            0            0            0            0            0            0            0            0            0            0            0            0            0            0            0            0      4.8e+08            0            0     -4.8e+08            0            0            0            0            0            0            0            0            0            0            0            0            0            0            0            0            0            0            0            0            0            0            0            0            0            0            0            0            0            0            0            0            0            0            0            0            0            0            0            0            0            0            0
           0            0            0            0            0            0            0            0            0            0            0            0            0            0            0            0            0            0            0            0            0            0            0            0 -1.09749e+06            0       256080  1.09749e+06           -0       128040            0            0            0            0            0            0            0            0            0            0            0            0            0            0            0            0            0            0            0            0            0            0            0            0            0            0            0            0            0            0            0            0            0            0            0            0            0            0            0            0            0            0
           0            0            0            0            0            0            0            0            0            0            0            0            0            0            0            0            0            0            0            0            0            0            0            0 -6.27135e+06            0  1.09749e+06  6.27135e+06            0  1.09749e+06            0            0            0            0            0            0            0            0            0            0            0            0            0            0            0            0            0            0            0            0            0            0            0            0            0            0            0            0            0            0            0            0            0            0            0            0            0            0            0            0            0            0
           0            0            0            0            0            0            0            0            0            0            0            0            0            0            0            0            0            0            0            0            0            0            0            0            0     -4.8e+08           -0            0      4.8e+08           -0            0            0            0            0            0            0            0            0            0            0            0            0            0            0            0            0            0            0            0            0            0            0            0            0            0            0            0            0            0            0            0            0            0            0            0            0            0            0            0            0            0            0
           0            0            0            0            0            0            0            0            0            0            0            0            0            0            0            0            0            0            0            0            0            0            0            0 -1.09749e+06            0       128040  1.09749e+06           -0       256080            0            0            0            0            0            0            0            0            0            0            0            0            0            0            0            0            0            0            0            0            0            0            0            0            0            0            0            0            0            0            0            0            0            0            0            0            0            0            0            0            0            0
           0            0            0            0            0            0            0            0            0            0            0            0            0            0            0            0            0            0            0            0            0            0            0            0            0            0            0            0            0            0  6.27135e+06            0 -1.09749e+06 -6.27135e+06            0 -1.09749e+06            0            0            0            0            0            0            0            0            0            0            0            0            0            0            0            0            0            0            0            0            0            0            0            0            0            0            0            0            0            0            0            0            0            0            0            0
           0            0            0            0            0            0            0            0            0            0            0            0            0            0            0            0            0            0            0            0            0            0            0            0            0            0            0            0            0            0            0      4.8e+08            0            0     -4.8e+08            0            0            0            0            0            0            0            0            0            0            0            0            0            0            0            0            0            0            0            0            0            0            0            0            0            0            0            0            0            0            0            0            0            0            0            0            0
           0            0            0            0            0            0            0            0            0            0            0            0            0            0            0            0            0            0            0            0            0            0            0            0            0            0            0            0            0            0 -1.09749e+06            0       256080  1.09749e+06           -0       128040            0            0            0            0            0            0            0            0            0            0            0            0            0            0            0            0            0            0            0            0            0            0            0            0            0            0            0            0            0            0            0            0            0            0            0            0
           0            0            0            0            0            0            0            0            0            0            0            0            0            0            0            0            0            0            0            0            0            0            0            0            0            0            0            0            0            0 -6.27135e+06            0  1.09749e+06  6.27135e+06            0  1.09749e+06            0            0            0            0            0            0            0            0            0            0            0            0            0            0            0            0            0            0            0            0            0            0            0            0            0            0            0            0            0            0            0            0            0            0            0            0
           0            0            0            0            0            0            0            0            0            0            0            0            0            0            0            0            0            0            0            0            0            0            0            0            0            0            0            0            0            0            0     -4.8e+08           -0            0      4.8e+08           -0            0            0            0            0            0            0            0            0            0            0            0            0            0            0            0            0            0            0            0            0            0            0            0            0            0            0            0            0            0            0            0            0            0            0            0            0
           0            0            0            0            0            0            0            0            0            0            0            0            0            0            0            0            0            0            0            0            0            0            0            0            0            0            0            0            0            0 -1.09749e+06            0       128040  1.09749e+06           -0       256080            0            0            0            0            0            0            0            0            0            0            0            0            0            0            0            0            0            0            0            0            0            0            0            0            0            0            0            0            0            0            0            0            0            0            0            0
           0            0            0            0            0            0            0            0            0            0            0            0            0            0            0            0            0            0            0            0            0            0            0            0            0            0            0            0            0            0            0            0            0            0            0            0  1.37484e+08  6.84912e+07      87849.1 -1.37484e+08 -6.84912e+07      87849.1            0            0            0            0            0            0            0            0            0            0            0            0            0            0            0            0            0            0            0            0            0            0            0            0            0            0            0            0            0            0
           0            0            0            0            0            0            0            0            0            0            0            0            0            0            0            0            0            0            0            0            0            0            0            0            0            0            0            0            0            0            0            0            0            0            0            0  6.84912e+07  3.47476e+07      -175698 -6.84912e+07 -3.47476e+07      -175698            0            0            0            0            0            0            0            0            0            0            0            0            0            0            0            0            0            0            0            0            0            0            0            0            0            0            0            0            0            0
           0            0            0            0            0            0            0            0            0            0            0            0            0            0            0            0            0            0            0            0            0            0            0            0            0            0            0            0            0            0            0            0            0            0            0            0      87849.1      -175698       102491     -87849.1       175698      51245.3            0            0            0            0            0            0            0            0            0            0            0            0            0            0            0            0            0            0            0            0            0            0            0            0            0            0            0            0            0            0
           0            0            0            0            0            0            0            0            0            0            0            0            0            0            0            0            0            0            0            0            0            0            0            0            0            0            0            0            0            0            0            0            0            0            0            0 -1.37484e+08 -6.84912e+07     -87849.1  1.37484e+08  6.84912e+07     -87849.1            0            0            0            0            0            0            0            0            0            0            0            0            0            0            0            0            0            0            0            0            0            0            0            0            0            0            0            0            0            0
           0            0            0            0            0            0            0            0            0            0            0            0            0            0            0            0            0            0            0            0            0            0            0            0            0            0            0            0            0            0            0            0            0            0            0            0 -6.84912e+07 -3.47476e+07       175698  6.84912e+07  3.47476e+07       175698            0            0            0            0            0            0            0            0            0            0            0            0            0            0            0            0            0            0            0            0            0            0            0            0            0            0            0            0            0            0
           0            0            0            0            0            0            0            0            0            0            0            0            0            0            0            0            0            0            0            0            0            0            0            0            0            0            0            0            0            0            0            0            0            0            0            0      87849.1      -175698      51245.3     -87849.1       175698       102491            0            0            0            0            0            0            0            0            0            0            0            0            0            0            0            0            0            0            0            0            0            0            0            0            0            0            0            0            0            0
           0            0            0            0            0            0            0            0            0            0            0            0            0            0            0            0            0            0            0            0            0            0            0            0            0            0            0            0            0            0            0            0            0            0            0            0            0            0            0            0            0            0     1.92e+08            0           -0    -1.92e+08            0           -0            0            0            0            0            0            0            0            0            0            0            0            0            0            0            0            0            0            0            0            0            0            0            0            0
           0            0            0            0            0            0            0            0            0            0            0            0            0            0            0            0            0            0            0            0            0            0            0            0            0            0            0            0            0            0            0            0            0            0            0            0            0            0            0            0            0            0            0       701559       245546            0      -701559       245546            0            0            0            0            0            0            0            0            0            0            0            0            0            0            0            0            0            0            0            0            0            0            0            0
           0            0            0            0            0            0            0            0            0            0            0            0            0            0            0            0            0            0            0            0            0            0            0            0            0            0            0            0            0            0            0            0            0            0            0            0            0            0            0            0            0            0           -0       245546       114588            0      -245546        57294            0            0            0            0            0            0            0            0            0            0            0            0            0            0            0            0            0            0            0            0            0            0            0            0
           0            0            0            0            0            0            0            0            0            0            0            0            0            0            0            0            0            0            0            0            0            0            0            0            0            0            0            0            0            0            0            0            0            0            0            0            0            0            0            0            0            0    -1.92e+08            0            0     1.92e+08            0            0            0            0            0            0            0            0            0            0            0            0            0            0            0            0            0            0            0            0            0            0            0            0            0            0
           0            0            0            0            0            0            0            0            0            0            0            0            0            0            0            0            0            0            0            0            0            0            0            0            0            0            0            0            0            0            0            0            0            0            0            0            0            0            0            0            0            0            0      -701559      -245546            0       701559      -245546            0            0            0            0            0            0            0            0            0            0            0            0            0            0            0            0            0            0            0            0            0            0            0            0
           0            0            0            0            0            0            0            0            0            0            0            0            0            0            0            0            0            0            0            0            0            0            0            0            0            0            0            0            0            0            0            0            0            0            0            0            0            0            0            0            0            0           -0       245546        57294            0      -245546       114588            0            0            0            0            0            0            0            0            0            0            0            0            0            0            0            0            0            0            0            0            0            0            0            0
           0            0            0            0            0            0            0            0            0            0            0            0            0            0            0            0            0            0            0            0            0            0            0            0            0            0            0            0            0            0            0            0            0            0            0            0            0            0            0            0            0            0            0            0            0            0            0            0            0            0            0            0            0            0            0            0            0            0            0            0            0            0            0            0            0            0            0            0            0            0            0            0
           0            0            0            0            0            0            0            0            0            0            0            0            0            0            0            0            0            0            0            0            0            0            0            0            0            0            0            0            0            0            0            0            0            0            0            0            0            0            0            0            0            0            0            0            0            0            0            0            0            0            0            0            0            0            0            0            0            0            0            0            0            0            0            0            0            0            0            0            0            0            0            0
           0            0            0            0            0            0            0            0            0            0            0            0            0            0            0            0            0            0            0            0            0            0            0            0            0            0            0            0            0            0            0            0            0            0            0            0            0            0            0            0            0            0            0            0            0            0            0            0            0            0            0            0            0            0            0            0            0            0            0            0            0            0            0            0            0            0            0            0            0            0            0            0
           0            0            0            0            0            0            0            0            0            0            0            0            0            0            0            0            0            0            0            0            0            0            0            0            0            0            0            0            0            0            0            0            0            0            0            0            0            0            0            0            0            0            0            0            0            0            0            0            0            0            0            0            0            0            0            0            0            0            0            0            0            0            0            0            0            0            0            0            0            0            0            0
           0            0            0            0            0            0            0            0            0            0            0            0            0            0            0            0            0            0            0            0            0            0            0            0            0            0            0            0            0            0            0            0            0            0            0            0            0            0            0            0            0            0            0            0            0            0            0            0            0            0            0            0            0            0            0            0            0            0            0            0            0            0            0            0            0            0            0            0            0            0            0            0
           0            0            0            0            0            0            0            0            0            0            0            0            0            0            0            0            0            0            0            0            0            0            0            0            0            0            0            0            0            0            0            0            0            0            0            0            0            0            0            0            0            0            0            0            0            0            0            0            0            0            0            0            0            0            0            0            0            0            0            0            0            0            0            0            0            0            0            0            0            0            0            0
           0            0            0            0            0            0            0            0            0            0            0            0            0            0            0            0            0            0            0            0            0            0            0            0            0            0            0            0            0            0            0            0            0            0            0            0            0            0            0            0            0            0            0            0            0            0            0            0            0            0            0            0            0            0            0            0            0            0            0            0            0            0            0            0            0            0            0            0            0            0            0            0
           0            0            0            0            0            0            0            0            0            0            0            0            0            0            0            0            0            0            0            0            0            0            0            0            0            0            0            0            0            0            0            0            0            0            0            0            0            0            0            0            0            0            0            0            0            0            0            0            0            0            0            0            0            0            0            0            0            0            0            0            0            0            0            0            0            0            0            0            0            0            0            0
           0            0            0            0            0            0            0            0            0            0            0            0            0            0            0            0            0            0            0            0            0            0            0            0            0            0            0            0            0            0            0            0            0            0            0            0            0            0            0            0            0            0            0            0            0            0            0            0            0            0            0            0            0            0            0            0            0            0            0            0            0            0            0            0            0            0            0            0            0            0            0            0
           0            0            0            0            0            0            0            0            0            0            0            0            0            0            0            0            0            0            0            0            0            0            0            0            0            0            0            0            0            0            0            0            0            0            0            0            0            0            0            0            0            0            0            0            0            0            0            0            0            0            0            0            0            0            0            0            0            0            0            0            0            0            0            0            0            0            0            0            0            0            0            0
           0            0            0            0            0            0            0            0            0            0            0            0            0            0            0            0            0            0            0            0            0            0            0            0            0            0            0            0            0            0            0            0            0            0            0            0            0            0            0            0            0            0            0            0            0            0            0            0            0            0            0            0            0            0            0            0            0            0            0            0            0            0            0            0            0            0            0            0            0            0            0            0
           0            0            0            0            0            0            0            0            0            0            0            0            0            0            0            0            0            0            0            0            0            0            0            0            0            0            0            0            0            0            0            0            0            0            0            0            0            0            0            0            0            0            0            0            0            0            0            0            0            0            0            0            0            0            0            0            0            0            0            0            0            0            0            0            0            0            0            0            0            0            0            0
           0            0            0            0            0            0            0            0            0            0            0            0            0            0            0            0            0            0            0            0            0            0            0            0            0            0            0            0            0            0            0            0            0            0            0            0            0            0            0            0            0            0            0            0            0            0            0            0            0            0            0            0            0            0            0            0            0            0            0            0            0            0            0            0            0            0            0            0            0            0            0            0
           0            0            0            0            0            0            0            0            0            0            0            0            0            0            0            0            0            0            0            0            0            0            0            0            0            0            0            0            0            0            0            0            0            0            0            0            0            0            0            0            0            0            0            0            0            0            0            0            0            0            0            0            0            0            0            0            0            0            0            0            0            0            0            0            0            0            0            0            0            0            0            0
           0            0            0            0            0            0            0            0            0            0            0            0            0            0            0            0            0            0            0            0            0            0            0            0            0            0            0            0            0            0            0            0            0            0            0            0            0            0            0            0            0            0            0            0            0            0            0            0            0            0            0            0            0            0            0            0            0            0            0            0            0            0            0            0            0            0            0            0            0            0            0            0
           0            0            0            0            0            0            0            0            0            0            0            0            0            0            0            0            0            0            0            0            0            0            0            0            0            0            0            0            0            0            0            0            0            0            0            0            0            0            0            0            0            0            0            0            0            0            0            0            0            0            0            0            0            0            0            0            0            0            0            0            0            0            0            0            0            0            0            0            0            0            0            0
           0            0            0            0            0            0            0            0            0            0            0            0            0            0            0            0            0            0            0            0            0            0            0            0            0            0            0            0            0            0            0            0            0            0            0            0            0            0            0            0            0            0            0            0            0            0            0            0            0            0            0            0            0            0            0            0            0            0            0            0            0            0            0            0            0            0            0            0            0            0            0            0
           0            0            0            0            0            0            0            0            0            0            0            0            0            0            0            0            0            0            0            0            0            0            0            0            0            0            0            0            0            0            0            0            0            0            0            0            0            0            0            0            0            0            0            0            0            0            0            0            0            0            0            0            0            0            0            0            0            0            0            0            0            0            0            0            0            0            0            0            0            0            0            0
           0            0            0            0            0            0            0            0            0            0            0            0            0            0            0            0            0            0            0            0            0            0            0            0            0            0            0            0            0            0            0            0            0            0            0            0            0            0            0            0            0            0            0            0            0            0            0            0            0            0            0            0            0            0            0            0            0            0            0            0            0            0            0            0            0            0            0            0            0            0            0            0
           0            0            0            0            0            0            0            0            0            0            0            0            0            0            0            0            0            0            0            0            0            0            0            0            0            0            0            0            0            0            0            0            0            0            0            0            0            0            0            0            0            0            0            0            0            0            0            0            0            0            0            0            0            0            0            0            0            0            0            0            0            0            0            0            0            0            0            0            0            0            0            0
           0            0            0            0            0            0            0            0            0            0            0            0            0            0            0            0            0            0            0            0            0            0            0            0            0            0            0            0            0            0            0            0            0            0            0            0            0            0            0            0            0            0            0            0            0            0            0            0            0            0            0            0            0            0            0            0            0            0            0            0            0            0            0            0            0            0            0            0            0            0            0            0
           0            0            0            0            0            0            0            0            0            0            0            0            0            0            0            0            0            0            0            0            0            0            0            0            0            0            0            0            0            0            0            0            0            0            0            0            0            0            0            0            0            0            0            0            0            0            0            0            0            0            0            0            0            0            0            0            0            0            0            0            0            0            0            0            0            0            0            0            0            0            0            0
           0            0            0            0            0            0            0            0            0            0            0            0            0            0            0            0            0            0            0            0            0            0            0            0            0            0            0            0            0            0            0            0            0            0            0            0            0            0            0            0            0            0            0            0            0            0            0            0            0            0            0            0            0            0            0            0            0            0            0            0            0            0            0            0            0            0            0            0            0            0            0            0
           0            0            0            0            0            0            0            0            0            0            0            0            0            0            0            0            0            0            0            0            0            0            0            0            0            0            0            0            0            0            0            0            0            0            0            0            0            0            0            0            0            0            0            0            0            0            0            0            0            0            0            0            0            0            0            0            0            0            0            0            0            0            0            0            0            0            0            0            0            0            0            0
Full system matrix before applying boundary conditions: 
    3.84e+08            0           -0    -3.84e+08            0           -0            0            0            0            0            0            0            0            0            0            0            0            0            0            0            0            0            0            0            0            0            0
           0  5.61247e+06       982183            0 -5.61247e+06       982183            0            0            0            0            0            0            0            0            0            0            0            0            0            0            0            0            0            0            0            0            0
          -0       982183       229176            0      -982183       114588            0            0            0            0            0            0            0            0            0            0            0            0            0            0            0            0            0            0            0            0            0
   -3.84e+08            0            0     7.68e+08            0            0    -3.84e+08            0           -0            0            0            0            0            0            0            0            0            0            0            0            0            0            0            0            0            0            0
           0 -5.61247e+06      -982183            0  1.12249e+07            0            0 -5.61247e+06       982183            0            0            0            0            0            0            0            0            0            0            0            0            0            0            0            0            0            0
          -0       982183       114588            0            0       458352            0      -982183       114588            0            0            0            0            0            0            0            0            0            0            0            0            0            0            0            0            0            0
           0            0            0    -3.84e+08            0            0  5.76784e+08            0      -274371    -1.92e+08            0           -0      -783918            0      -274371            0            0            0            0            0            0            0            0            0            0            0            0
           0            0            0            0 -5.61247e+06      -982183            0  2.46314e+08      -736637            0      -701559       245546            0     -2.4e+08            0            0            0            0            0            0            0            0            0            0            0            0            0
           0            0            0           -0       982183       114588      -274371      -736637       471804            0      -245546        57294       274371           -0        64020            0            0            0            0            0            0            0            0            0            0            0            0
           0            0            0            0            0            0    -1.92e+08            0            0     1.92e+08            0            0            0            0            0            0            0            0            0            0            0            0            0            0            0            0            0
           0            0            0            0            0            0            0      -701559      -245546            0       701559      -245546            0            0            0            0            0            0            0            0            0            0            0            0            0            0            0
           0            0            0            0            0            0           -0       245546        57294            0      -245546       114588            0            0            0            0            0            0            0            0            0            0            0            0            0            0            0
           0            0            0            0            0            0      -783918            0       274371            0            0            0  7.05527e+06            0      -823114 -6.27135e+06            0 -1.09749e+06            0            0            0            0            0            0            0            0            0
           0            0            0            0            0            0            0     -2.4e+08           -0            0            0            0            0      7.2e+08            0            0     -4.8e+08            0            0            0            0            0            0            0            0            0            0
           0            0            0            0            0            0      -274371            0        64020            0            0            0      -823114            0       384120  1.09749e+06           -0       128040            0            0            0            0            0            0            0            0            0
           0            0            0            0            0            0            0            0            0            0            0            0 -6.27135e+06            0  1.09749e+06  1.50027e+08  6.84912e+07      87849.1 -6.27135e+06            0 -1.09749e+06 -1.37484e+08 -6.84912e+07      87849.1            0            0            0
           0            0            0            0            0            0            0            0            0            0            0            0            0     -4.8e+08           -0  6.84912e+07  9.94748e+08      -175698            0     -4.8e+08            0 -6.84912e+07 -3.47476e+07      -175698            0            0            0
           0            0            0            0            0            0            0            0            0            0            0            0 -1.09749e+06            0       128040      87849.1      -175698       614651  1.09749e+06           -0       128040     -87849.1       175698      51245.3            0            0            0
           0            0            0            0            0            0            0            0            0            0            0            0            0            0            0 -6.27135e+06            0  1.09749e+06  1.98271e+08            0  1.09749e+06            0            0            0    -1.92e+08            0           -0
           0            0            0            0            0            0            0            0            0            0            0            0            0            0            0            0     -4.8e+08           -0            0  4.80702e+08       245546            0            0            0            0      -701559       245546
           0            0            0            0            0            0            0            0            0            0            0            0            0            0            0 -1.09749e+06            0       128040  1.09749e+06       245546       370668            0            0            0            0      -245546        57294
           0            0            0            0            0            0            0            0            0            0            0            0            0            0            0 -1.37484e+08 -6.84912e+07     -87849.1            0            0            0  1.37484e+08  6.84912e+07     -87849.1            0            0            0
           0            0            0            0            0            0            0            0            0            0            0            0            0            0            0 -6.84912e+07 -3.47476e+07       175698            0            0            0  6.84912e+07  3.47476e+07       175698            0            0            0
           0            0            0            0            0            0            0            0            0            0            0            0            0            0            0      87849.1      -175698      51245.3            0            0            0     -87849.1       175698       102491            0            0            0
           0            0            0            0            0            0            0            0            0            0            0            0            0            0            0            0            0            0    -1.92e+08            0            0            0            0            0     1.92e+08            0            0
           0            0            0            0            0            0            0            0            0            0            0            0            0            0            0            0            0            0            0      -701559      -245546            0            0            0            0       701559      -245546
           0            0            0            0            0            0            0            0            0            0            0            0            0            0            0            0            0            0           -0       245546        57294            0            0            0            0      -245546       114588
System stiffness matrix: 
           1            0            0            0            0            0            0            0            0            0            0            0            0            0            0            0            0            0            0            0            0            0            0            0            0            0            0
           0            1            0            0            0            0            0            0            0            0            0            0            0            0            0            0            0            0            0            0            0            0            0            0            0            0            0
           0            0       229176            0      -982183       114588            0            0            0            0            0            0            0            0            0            0            0            0            0            0            0            0            0            0            0            0            0
           0            0            0     7.68e+08            0            0    -3.84e+08            0           -0            0            0            0            0            0            0            0            0            0            0            0            0            0            0            0            0            0            0
           0            0      -982183            0  1.12249e+07            0            0 -5.61247e+06       982183            0            0            0            0            0            0            0            0            0            0            0            0            0            0            0            0            0            0
           0            0       114588            0            0       458352            0      -982183       114588            0            0            0            0            0            0            0            0            0            0            0            0            0            0            0            0            0            0
           0            0            0    -3.84e+08            0            0  5.76784e+08            0      -274371    -1.92e+08            0           -0      -783918            0      -274371            0            0            0            0            0            0            0            0            0            0            0            0
           0            0            0            0 -5.61247e+06      -982183            0  2.46314e+08      -736637            0      -701559       245546            0     -2.4e+08            0            0            0            0            0            0            0            0            0            0            0            0            0
           0            0            0           -0       982183       114588      -274371      -736637       471804            0      -245546        57294       274371           -0        64020            0            0            0            0            0            0            0            0            0            0            0            0
           0            0            0            0            0            0    -1.92e+08            0            0     1.92e+08            0            0            0            0            0            0            0            0            0            0            0            0            0            0            0            0            0
           0            0            0            0            0            0            0      -701559      -245546            0       701559      -245546            0            0            0            0            0            0            0            0            0            0            0            0            0            0            0
           0            0            0            0            0            0           -0       245546        57294            0      -245546       114588            0            0            0            0            0            0            0            0            0            0            0            0            0            0            0
           0            0            0            0            0            0      -783918            0       274371            0            0            0  7.05527e+06            0      -823114 -6.27135e+06            0 -1.09749e+06            0            0            0            0            0            0            0            0            0
           0            0            0            0            0            0            0     -2.4e+08           -0            0            0            0            0      7.2e+08            0            0     -4.8e+08            0            0            0            0            0            0            0            0            0            0
           0            0            0            0            0            0      -274371            0        64020            0            0            0      -823114            0       384120  1.09749e+06           -0       128040            0            0            0            0            0            0            0            0            0
           0            0            0            0            0            0            0            0            0            0            0            0 -6.27135e+06            0  1.09749e+06  1.50027e+08  6.84912e+07      87849.1 -6.27135e+06            0 -1.09749e+06 -1.37484e+08 -6.84912e+07      87849.1            0            0            0
           0            0            0            0            0            0            0            0            0            0            0            0            0     -4.8e+08           -0  6.84912e+07  9.94748e+08      -175698            0     -4.8e+08            0 -6.84912e+07 -3.47476e+07      -175698            0            0            0
           0            0            0            0            0            0            0            0            0            0            0            0 -1.09749e+06            0       128040      87849.1      -175698       614651  1.09749e+06           -0       128040     -87849.1       175698      51245.3            0            0            0
           0            0            0            0            0            0            0            0            0            0            0            0            0            0            0 -6.27135e+06            0  1.09749e+06  1.98271e+08            0  1.09749e+06            0            0            0            0            0           -0
           0            0            0            0            0            0            0            0            0            0            0            0            0            0            0            0     -4.8e+08           -0            0  4.80702e+08       245546            0            0            0            0            0       245546
           0            0            0            0            0            0            0            0            0            0            0            0            0            0            0 -1.09749e+06            0       128040  1.09749e+06       245546       370668            0            0            0            0            0        57294
           0            0            0            0            0            0            0            0            0            0            0            0            0            0            0 -1.37484e+08 -6.84912e+07     -87849.1            0            0            0  1.37484e+08  6.84912e+07     -87849.1            0            0            0
           0            0            0            0            0            0            0            0            0            0            0            0            0            0            0 -6.84912e+07 -3.47476e+07       175698            0            0            0  6.84912e+07  3.47476e+07       175698            0            0            0
           0            0            0            0            0            0            0            0            0            0            0            0            0            0            0      87849.1      -175698      51245.3            0            0            0     -87849.1       175698       102491            0            0            0
           0            0            0            0            0            0            0            0            0            0            0            0            0            0            0            0            0            0            0            0            0            0            0            0            1            0            0
           0            0            0            0            0            0            0            0            0            0            0            0            0            0            0            0            0            0            0            0            0            0            0            0            0            1            0
           0            0            0            0            0            0            0            0            0            0            0            0            0            0            0            0            0            0           -0       245546        57294            0            0            0            0            0       114588
