// Информация о материале: {индекс,юнг, момент инерции, площадь, коэффициент Пуассона}
1
0 110000000000 0 0 0.3
// Количество узлов и их координаты в плоскости
12
0.0 -3.0
0.0 0.0
0.0 3.0
4.0 -3.0
4.0 0.0
4.0 3.0
8.0 -3.0
8.0 0.0
8.0 3.0
12.0 -3.0
12.0 0.0
12.0 3.0
// Количество конечных элементов, их материал и связь с узлами
6
0 0.5 0 3 4 1
0 0.5 1 4 5 2
0 0.5 3 6 7 4
0 0.5 4 7 8 5
0 0.5 6 9 10 7
0 0.5 7 10 11 8
// Граничные условия
12
0 0
0 0
0 0
1 1
1 1
1 1
1 1
1 1
1 1
1 1
1 1
1 1
// Нагрузки
12
0 0
0 0
0 0
0 0
0 0
0 0
0 0
0 0
0 0
0 -2500000
0 -5000000
0 -2500000